Hi I am process 13942 and my parent is 12267
min=309.000000
max=2147480477.000000
sum=1073680079529269.000000
