Hi I am process 30194 and my parent is 27233
min=146.000000
max=2147483520.000000
sum=10736933848487384.000000
