Hi I am process 21209 and my parent is 20766
min=146.000000
max=2147483520.000000
sum=10736933848487384.000000
