Hi I am process 12361 and my parent is 12267
min=768194446.000000
max=2065780692.000000
sum=14582254300.000000
